[10166618, 34]
[10166618, 41]
[10166618, 48]
[10166618, 52]
[10166618, 54]
[10166618, 58]
[10166618, 63]
[10166618, 67]
[10166618, 75]
[10166618, 77]
[10166618, 78]
[10166618, 89]
[10166618, 99]
[10166618, 108]
[11606873, 34]
[11606873, 36]
[11606873, 36]
[11606873, 38]
[11606873, 42]
[11606873, 48]
[12824309, 35]
[12824309, 36]
[12824309, 41]
[12824309, 48]
[12824309, 49]
[13695027, 36]
[13695027, 42]
[13695027, 53]
[13695027, 55]
[13695027, 67]
[13695027, 72]
[13695027, 78]
[13695027, 86]
[13695027, 98]
[13695027, 98]
[13695027, 104]
[13695027, 115]
[13695027, 117]
[13695027, 117]
[13695027, 128]
[13695027, 138]
[13695027, 142]
[14252631, 31]
[14252631, 33]
[14252631, 40]
[14252631, 47]
[14252631, 49]
[14252631, 60]
[14252631, 71]
[14252631, 79]
[14252631, 84]
[14252631, 91]
[14252631, 93]
[14252631, 94]
[14981976, 26]
[14981976, 33]
[14981976, 40]
[14981976, 45]
[14981976, 51]
[14981976, 56]
[14981976, 61]
[14981976, 71]
[14981976, 75]
[14981976, 80]
[14981976, 81]
[14981976, 85]
[14981976, 88]
[14981976, 99]
[14981976, 104]
[14981976, 112]
[14981976, 122]
[15230058, 36]
[15230058, 46]
[15230058, 49]
[15230058, 52]
[15230058, 61]
[15230058, 68]
[15230058, 79]
[15230058, 80]
[15230058, 92]
[15230058, 97]
[15230058, 109]
[15230058, 120]
[15230058, 130]
[15230058, 133]
[15230058, 137]
[15230058, 145]
[15230058, 151]
[15230058, 152]
[15230058, 155]
[15230058, 163]
[15230058, 167]
[15230058, 174]
[15230058, 176]
[15230058, 182]
[15230058, 188]
[15230058, 195]
[15230058, 199]
[15230058, 211]
[15230058, 223]
[15230058, 234]
[15230058, 243]
[16337423, 30]
[16337423, 42]
[16337423, 43]
[16337423, 52]
[16337423, 57]
[17408939, 30]
[17408939, 40]
[17408939, 44]
[17408939, 45]
[17408939, 55]
[17408939, 55]
[17408939, 56]
[17408939, 65]
[17408939, 69]
[17408939, 77]
[17408939, 84]
[17408939, 89]
[19540689, 33]
[19540689, 43]
[19540689, 55]
[19540689, 64]
[19540689, 64]
[19540689, 69]
[19540689, 77]
[19540689, 78]
[19540689, 84]
[19540689, 93]
[19540689, 104]
[19540689, 109]
[19540689, 117]
[19540689, 125]
[19540689, 133]
[20357889, 36]
[20357889, 46]
[20357889, 58]
[20357889, 61]
[20357889, 64]
[21611341, 28]
[21611341, 37]
[21611341, 41]
[21611341, 45]
[21611341, 47]
[21611341, 53]
[21611341, 56]
[21611341, 57]
[21611341, 64]
[21611341, 69]
[23256567, 29]
[23256567, 37]
[23256567, 42]
[23256567, 44]
[23256567, 45]
[23256567, 48]
[23256567, 58]
[23256567, 62]
[23256567, 67]
[23256567, 72]
[23256567, 74]
[23256567, 77]
[23256567, 88]
[23639756, 27]
[23639756, 39]
[23639756, 43]
[23639756, 48]
[23639756, 53]
[23639756, 62]
[23639756, 67]
[23639756, 76]
[23639756, 87]
[23639756, 94]
[23639756, 100]
[23639756, 106]
[23639756, 109]
[23639756, 120]
[23639756, 125]
[25629561, 35]
[25629561, 44]
[25629561, 44]
[25629561, 51]
[25629561, 58]
[25629561, 62]
[25629561, 62]
[25629561, 70]
[25629561, 80]
[25629561, 83]
[25629561, 92]
[25629561, 99]
[25629561, 109]
[25629561, 121]
[25629561, 127]
[25629561, 132]
[25629561, 135]
[25629561, 138]
[25629561, 141]
[25629561, 147]
[28057374, 34]
[28057374, 35]
[28057374, 37]
[28057374, 44]
[28057374, 52]
[28057374, 53]
[28057374, 55]
[28057374, 65]
[28057374, 72]
[28057374, 81]
[28057374, 82]
[31815922, 28]
[31815922, 30]
[31815922, 35]
[31815922, 46]
[31815922, 50]
[31815922, 59]
[31815922, 71]
[31815922, 75]
[31815922, 79]
[31815922, 84]
[31815922, 88]
[31815922, 92]
[31815922, 103]
[31815922, 109]
[31815922, 117]
[31815922, 121]
[31815922, 127]
[31815922, 139]
[31961290, 31]
[31961290, 41]
[31961290, 50]
[31961290, 61]
[31961290, 65]
[31961290, 73]
[31961290, 85]
[31961290, 95]
[31961290, 102]
[31961290, 104]
[31961290, 104]
[31961290, 105]
[31961290, 108]
[31961290, 109]
[31961290, 113]
[31961290, 113]
[33580032, 27]
[33580032, 35]
[33580032, 41]
[33580032, 43]
[33580032, 48]
[33648067, 37]
[33648067, 43]
[33648067, 48]
[33648067, 58]
[33648067, 58]
[33648067, 67]
[33648067, 77]
[33648067, 86]
[33648067, 95]
[33648067, 106]
[37269531, 33]
[37269531, 34]
[37269531, 36]
[37269531, 42]
[37269531, 49]
[37947044, 31]
[37947044, 34]
[37947044, 42]
[37947044, 53]
[37947044, 56]
[37947044, 68]
[37947044, 68]
[37947044, 76]
[37947044, 88]
[37947044, 94]
[37947044, 106]
[37947044, 116]
[37947044, 127]
[37947044, 138]
[37947044, 143]
[37947044, 147]
[37947044, 150]
[37947044, 151]
[38788494, 35]
[38788494, 46]
[38788494, 53]
[38788494, 53]
[38788494, 58]
[40334689, 37]
[40334689, 47]
[40334689, 52]
[40334689, 59]
[40334689, 63]
[40334689, 65]
[40334689, 70]
[40334689, 79]
[40334689, 87]
[40334689, 99]
[40334689, 103]
[40334689, 110]
[41643757, 28]
[41643757, 28]
[41643757, 30]
[41643757, 37]
[41643757, 40]
[41643757, 47]
[41643757, 57]
[41643757, 60]
[43068317, 30]
[43068317, 35]
[43068317, 44]
[43068317, 51]
[43068317, 58]
[43068317, 64]
[43068317, 76]
[43068317, 88]
[43068317, 95]
[43068317, 97]
[43068317, 102]
[43068317, 103]
[44617376, 25]
[44617376, 37]
[44617376, 49]
[44617376, 59]
[44617376, 60]
[44617376, 63]
[44617376, 73]
[44617376, 80]
[44617376, 84]
[44617376, 84]
[44617376, 95]
[44617376, 106]
[44617376, 117]
[44617376, 122]
[44617376, 124]
[44617376, 136]
[45079278, 34]
[45079278, 36]
[45079278, 44]
[45079278, 44]
[45079278, 47]
[45079278, 47]
[45079278, 58]
[45079278, 61]
[45079278, 62]
[45079278, 64]
[45079278, 66]
[45079278, 69]
[45079278, 76]
[45079278, 77]
[45079278, 87]
[45079278, 93]
[45079278, 97]
[46160172, 31]
[46160172, 42]
[46160172, 52]
[46160172, 63]
[46160172, 72]
[47776768, 35]
[47776768, 38]
[47776768, 46]
[47776768, 58]
[47776768, 64]
[47776768, 64]
[47776768, 66]
[47776768, 78]
[47776768, 84]
[47776768, 84]
[47776768, 87]
[47776768, 94]
[47776768, 106]
[47776768, 107]
[47776768, 115]
[47776768, 118]
[47776768, 119]
[47776768, 125]
[47776768, 129]
[47776768, 139]
[47776768, 150]
[47776768, 162]
[49098703, 25]
[49098703, 33]
[49098703, 37]
[49098703, 43]
[49098703, 52]
[49098703, 58]
[49098703, 58]
[49098703, 63]
[49098703, 65]
[49098703, 72]
[49098703, 72]
[49098703, 80]
[50360298, 35]
[50360298, 44]
[50360298, 48]
[50360298, 59]
[50360298, 63]
[50360298, 66]
[50360298, 72]
[50371337, 34]
[50371337, 43]
[50371337, 44]
[50371337, 51]
[50371337, 57]
[50371337, 57]
[50371337, 67]
[50371337, 69]
[50371337, 78]
[50371337, 81]
[50371337, 93]
[50371337, 100]
[50371337, 112]
[50371337, 119]
[52235281, 25]
[52235281, 29]
[52235281, 32]
[52235281, 35]
[52235281, 36]
[52235281, 37]
[52235281, 38]
[52616440, 32]
[52616440, 44]
[52616440, 55]
[52616440, 66]
[52616440, 78]
[52616440, 85]
[52616440, 87]
[52616440, 94]
[52616440, 106]
[52616440, 116]
[55093056, 26]
[55093056, 32]
[55093056, 37]
[55093056, 37]
[55093056, 44]
[55093056, 46]
[55093056, 52]
[55093056, 63]
[56440505, 30]
[56440505, 41]
[56440505, 53]
[56440505, 61]
[56440505, 69]
[56440505, 78]
[56440505, 85]
[56440505, 86]
[56440505, 98]
[56440505, 106]
[56440505, 116]
[56440505, 118]
[56440505, 118]
[56440505, 127]
[56440505, 130]
[56440505, 141]
[56440505, 144]
[56440505, 149]
[56440505, 157]
[56440505, 159]
[56440505, 168]
[58859540, 25]
[58859540, 30]
[58859540, 36]
[58859540, 47]
[58859540, 58]
[58859540, 68]
[61763445, 31]
[61763445, 36]
[61763445, 37]
[61763445, 48]
[61763445, 60]
[62198197, 35]
[62198197, 44]
[62198197, 48]
[62198197, 51]
[62198197, 63]
[62198197, 75]
[62601368, 26]
[62601368, 28]
[62601368, 38]
[62601368, 49]
[62601368, 59]
[62601368, 66]
[62601368, 68]
[62601368, 71]
[62601368, 79]
[62601368, 81]
[62601368, 87]
[62601368, 91]
[62601368, 95]
[62601368, 105]
[63308921, 25]
[63308921, 37]
[63308921, 47]
[63308921, 48]
[63308921, 53]
[63308921, 63]
[63308921, 70]
[63308921, 79]
[63308921, 90]
[63308921, 91]
[63308921, 93]
[63308921, 103]
[63308921, 113]
[63308921, 124]
[63597377, 30]
[63597377, 35]
[63597377, 44]
[63597377, 48]
[63597377, 59]
[63597377, 69]
[64727783, 35]
[64727783, 40]
[64727783, 42]
[64727783, 46]
[66965970, 27]
[66965970, 38]
[66965970, 42]
[66965970, 44]
[66965970, 46]
[66965970, 52]
[66965970, 54]
[67441391, 31]
[67441391, 31]
[67441391, 43]
[67441391, 48]
[67441391, 60]
[67441391, 72]
[67441391, 84]
[67441391, 87]
[67441391, 90]
[67441391, 93]
[67441391, 102]
[67441391, 114]
[67441391, 116]
[67441391, 126]
[67441391, 132]
[67441391, 144]
[67441391, 150]
[67441391, 155]
[67441391, 164]
[67536438, 26]
[67536438, 34]
[67536438, 43]
[67536438, 43]
[67536438, 44]
[67536438, 46]
[67536438, 50]
[67536438, 55]
[68517181, 34]
[68517181, 34]
[68517181, 35]
[68517181, 43]
[68517181, 49]
[68517181, 55]
[68517181, 57]
[68517181, 59]
[68517181, 70]
[68517181, 70]
[68517181, 70]
[68517181, 72]
[68517181, 74]
[68517181, 75]
[68517181, 81]
[68517181, 81]
[68517181, 83]
[68517181, 87]
[68517181, 98]
[68517181, 108]
[68785439, 30]
[68785439, 30]
[68785439, 34]
[68785439, 43]
[68785439, 52]
[68785439, 63]
[68785439, 66]
[68785439, 68]
[68785439, 73]
[71792152, 33]
[71792152, 37]
[71792152, 44]
[71792152, 54]
[71792152, 63]
[71792152, 73]
[71792152, 79]
[71792152, 86]
[71792152, 98]
[71792152, 103]
[71792152, 104]
[71814353, 37]
[71814353, 41]
[71814353, 41]
[71814353, 41]
[71814353, 49]
[71814353, 50]
[71814353, 56]
[71814353, 61]
[71814353, 70]
[71814353, 80]
[71814353, 81]
[71814353, 89]
[71814353, 101]
[71814353, 106]
[71814353, 112]
[71814353, 117]
[71814353, 124]
[71814353, 131]
[73342411, 31]
[73342411, 43]
[73342411, 51]
[73342411, 61]
[73342411, 62]
[73342411, 66]
[73342411, 67]
[73342411, 70]
[74381109, 27]
[74381109, 29]
[74381109, 31]
[74381109, 34]
[74381109, 37]
[74381109, 40]
[74381109, 40]
[76042245, 32]
[76042245, 38]
[76042245, 50]
[76042245, 55]
[76042245, 60]
[76042245, 68]
[76042245, 69]
[76042245, 78]
[76042245, 86]
[76042245, 89]
[76042245, 93]
[76042245, 95]
[76042245, 98]
[76042245, 107]
[76042245, 111]
[77240996, 34]
[77240996, 35]
[77240996, 43]
[77240996, 51]
[77240996, 58]
[77240996, 60]
[77240996, 67]
[77240996, 74]
[77240996, 82]
[77240996, 91]
[77240996, 100]
[77240996, 109]
[77240996, 118]
[77240996, 126]
[77240996, 136]
[77240996, 145]
[77240996, 152]
[77240996, 152]
[77240996, 156]
[78520803, 30]
[78520803, 33]
[78520803, 42]
[78520803, 46]
[78520803, 52]
[78520803, 61]
[78520803, 67]
[78782759, 30]
[78782759, 37]
[78782759, 43]
[78782759, 54]
[78782759, 63]
[78782759, 73]
[78782759, 75]
[78782759, 79]
[78782759, 80]
[78782759, 83]
[78782759, 87]
[78782759, 99]
[78782759, 100]
[78782759, 104]
[78782759, 112]
[78782759, 123]
[78782759, 134]
[78782759, 140]
[78782759, 145]
[79887965, 29]
[79887965, 33]
[79887965, 33]
[79887965, 36]
[79887965, 37]
[79887965, 43]
[79887965, 45]
[79887965, 51]
[79887965, 57]
[79887965, 63]
[79887965, 64]
[79887965, 73]
[79887965, 81]
[79887965, 92]
[79887965, 103]
[79887965, 105]
[79887965, 105]
[79887965, 112]
[79887965, 112]
[79887965, 112]
[79887965, 120]
[79887965, 131]
[79887965, 139]
[79887965, 150]
[79887965, 159]
[79887965, 165]
[79887965, 177]
[79887965, 184]
[79887965, 185]
[79887965, 189]
[79887965, 200]
[79887965, 200]
[80470828, 28]
[80470828, 32]
[80470828, 35]
[80470828, 42]
[80470828, 46]
[80470828, 46]
[80470828, 51]
[80470828, 60]
[80470828, 66]
[80470828, 71]
[80470828, 74]
[80470828, 77]
[80470828, 88]
[80470828, 94]
[80470828, 97]
[80470828, 107]
[80470828, 116]
[80470828, 121]
[80470828, 130]
[80470828, 141]
[82396295, 34]
[82396295, 45]
[82396295, 53]
[82396295, 65]
[82396295, 75]
[82396295, 84]
[82396295, 88]
[82396295, 94]
[82396295, 102]
[82396295, 109]
[82396295, 115]
[82396295, 124]
[82396295, 133]
[83740252, 34]
[83740252, 41]
[83740252, 46]
[83740252, 47]
[83740252, 57]
[83740252, 58]
[83740252, 58]
[83740252, 69]
[83740252, 70]
[83740252, 82]
[83740252, 90]
[83740252, 101]
[83740252, 103]
[83740252, 106]
[83740252, 116]
[83740252, 122]
[83740252, 122]
[83740252, 130]
[83740252, 131]
[83740252, 139]
[83740252, 148]
[83740252, 149]
[83740252, 153]
[83740252, 161]
[83740252, 167]
[83740252, 177]
[83740252, 187]
[83740252, 198]
[83740252, 202]
[83942152, 25]
[83942152, 37]
[83942152, 44]
[83942152, 56]
[83942152, 59]
[83942152, 70]
[83942152, 80]
[83942152, 91]
[83942152, 93]
[83942152, 98]
[84337138, 25]
[84337138, 25]
[84337138, 27]
[84337138, 30]
[84337138, 33]
[84337138, 45]
[84337138, 48]
[84337138, 48]
[84337138, 51]
[85318663, 33]
[85318663, 39]
[85318663, 43]
[85318663, 49]
[85318663, 51]
[85318663, 54]
[85318663, 55]
[85318663, 58]
[85318663, 60]
[85318663, 64]
[85318663, 74]
[85318663, 80]
[86285904, 34]
[86285904, 45]
[86285904, 46]
[86285904, 53]
[86285904, 63]
[86285904, 72]
[86285904, 81]
[86285904, 93]
[86285904, 99]
[86285904, 104]
[86285904, 113]
[86285904, 117]
[87209098, 33]
[87209098, 40]
[87209098, 46]
[87209098, 53]
[87209098, 65]
[87209098, 68]
[87209098, 74]
[87209098, 79]
[87209098, 80]
[87209098, 81]
[87596820, 35]
[87596820, 37]
[87596820, 44]
[87596820, 55]
[87596820, 58]
[87596820, 59]
[87596820, 71]
[87596820, 73]
[87596820, 85]
[87596820, 96]
[87596820, 101]
[87596820, 113]
[87596820, 117]
[87596820, 125]
[87596820, 126]
[87596820, 133]
[87596820, 140]
[87596820, 147]
[87596820, 158]
[87596820, 166]
[87596820, 174]
[87596820, 175]
[87596820, 183]
[87596820, 188]
[87723802, 31]
[87723802, 32]
[87723802, 44]
[87723802, 54]
[87723802, 59]
[87723802, 67]
[87723802, 75]
[87723802, 84]
[87723802, 87]
[87723802, 91]
[87723802, 96]
[89158630, 35]
[89158630, 42]
[89158630, 51]
[89158630, 60]
[89158630, 70]
[89158630, 75]
[89158630, 77]
[89158630, 82]
[89158630, 92]
[89158630, 100]
[89158630, 107]
[89158630, 119]
[89158630, 127]
[89158630, 139]
[89158630, 145]
[89158630, 149]
[89158630, 159]
[89158630, 162]
[89158630, 173]
[90138353, 33]
[90138353, 41]
[90138353, 53]
[90138353, 60]
[90255426, 27]
[90255426, 33]
[90255426, 38]
[90255426, 40]
[90255426, 48]
[90255426, 49]
[90255426, 57]
[90255426, 69]
[90255426, 79]
[90255426, 86]
[90255426, 97]
[90255426, 100]
[90255426, 112]
[92397977, 29]
[92397977, 31]
[92397977, 34]
[92397977, 36]
[92397977, 48]
[92397977, 58]
[92397977, 63]
[92397977, 71]
[92397977, 79]
[92397977, 89]
[92397977, 100]
[92397977, 107]
[92397977, 107]
[92397977, 118]
[92397977, 125]
[92397977, 132]
[92397977, 141]
[92397977, 147]
[92397977, 151]
[92397977, 158]
[92397977, 159]
[92397977, 171]
[92397977, 182]
[92397977, 193]
[92397977, 195]
[93421613, 29]
[93421613, 34]
[93421613, 41]
[93421613, 42]
[93421613, 45]
[93421613, 56]
[93421613, 61]
[93421613, 70]
[93421613, 71]
[93421613, 71]
[93421613, 71]
[93421613, 74]
[93421613, 85]
[94675477, 27]
[94675477, 32]
[94675477, 42]
[94675477, 42]
[94675477, 43]
[94675477, 51]
[94675477, 52]
[94675477, 64]
[94675477, 68]
[94675477, 72]
[94966933, 29]
[94966933, 30]
[94966933, 36]
[94966933, 36]
[94966933, 41]
[94966933, 43]
[94966933, 53]
[94966933, 60]
[94966933, 60]
[95251989, 28]
[95251989, 29]
[95251989, 38]
[95251989, 38]
[95251989, 50]
[95251989, 61]
[95251989, 72]
[95251989, 79]
[95251989, 80]
[95251989, 81]
[95251989, 87]
[95251989, 96]
[95251989, 102]
[95251989, 107]
[95251989, 107]
[95251989, 116]
[95251989, 122]
[95433486, 31]
[95433486, 42]
[95433486, 43]
[95433486, 53]
[95433486, 60]
[95433486, 65]
[95433486, 71]
[95433486, 79]
[95433486, 90]
[95433486, 97]
[96605874, 36]
[96605874, 45]
[96605874, 57]
[96605874, 65]
[96605874, 70]
[96605874, 80]
[96605874, 92]
[96605874, 99]
[96605874, 104]
[96605874, 115]
[96605874, 123]
[96605874, 132]
[96605874, 135]
[96605874, 147]
[96605874, 152]
[96605874, 163]
[96605874, 172]
[97815725, 36]
[97815725, 43]
[97815725, 49]
